0	0.0181408
1	0.00256565
2	0.0036328
3	0.00231302
4	0.00269437
5	0.00246796
6	0.00258959
7	0.00251509
8	0.00255658
9	0.00253497
10	0.0025418
11	0.00254513
12	0.00253391
13	0.002551
14	0.00252923
15	0.00255468
16	0.00252622
17	0.00255714
18	0.0025242
19	0.00255884
20	0.00252276
21	0.00256007
22	0.00252172
23	0.00256098
24	0.00252094
25	0.00256168
26	0.00252034
27	0.00256221
28	0.00251987
29	0.00256263
30	0.0025195
31	0.00256297
32	0.0025192
33	0.00256324
34	0.00251896
35	0.00256346
36	0.00251876
37	0.00256364
38	0.0025186
39	0.00256379
40	0.00251846
41	0.00256391
42	0.00251835
43	0.00256402
44	0.00251826
45	0.0025641
46	0.00251818
47	0.00256417
48	0.00251811
49	0.00256423
50	0.00251806
51	0.00256428
52	0.00251801
53	0.00256433
54	0.00251798
55	0.00256436
56	0.00251794
57	0.00256439
58	0.00251792
59	0.00256442
60	0.0025179
61	0.00256444
62	0.00251788
63	0.00256445
64	0.00251786
65	0.00256447
66	0.00251785
67	0.00256448
68	0.00251784
69	0.00256449
70	0.00251783
71	0.0025645
72	0.00251783
73	0.0025645
74	0.00251782
75	0.00256451
76	0.00251782
77	0.00256451
78	0.00251782
79	0.00256451
80	0.00251782
81	0.00256451
82	0.00251782
83	0.00256451
84	0.00251783
85	0.00256451
86	0.00251783
87	0.00256451
88	0.00251783
89	0.0025645
90	0.00251784
91	0.0025645
92	0.00251784
93	0.00256449
94	0.00251784
95	0.00256449
96	0.00251785
97	0.00256449
98	0.00251785
99	0.00256448
100	0.00251786
101	0.00256448
102	0.00251786
103	0.00256447
104	0.00251787
105	0.00256446
106	0.00251788
107	0.00256446
108	0.00251788
109	0.00256445
110	0.00251789
111	0.00256445
112	0.00251789
113	0.00256444
114	0.0025179
115	0.00256443
116	0.00251791
117	0.00256443
118	0.00251791
119	0.00256442
120	0.00251792
121	0.00256442
122	0.00251793
123	0.00256441
124	0.00251793
125	0.0025644
126	0.00251794
127	0.0025644
128	0.00251795
129	0.00256439
130	0.00251795
131	0.00256438
132	0.00251796
133	0.00256438
134	0.00251796
135	0.00256437
136	0.00251797
137	0.00256437
138	0.00251798
139	0.00256436
140	0.00251798
141	0.00256435
142	0.00251799
143	0.00256435
144	0.00251799
145	0.00256434
146	0.002518
147	0.00256434
148	0.002518
149	0.00256433
150	0.00251801
151	0.00256433
152	0.00251801
153	0.00256432
154	0.00251802
155	0.00256432
156	0.00251802
157	0.00256431
158	0.00251803
159	0.00256431
160	0.00251803
161	0.0025643
162	0.00251804
163	0.0025643
164	0.00251804
165	0.00256429
166	0.00251805
167	0.00256429
168	0.00251805
169	0.00256429
170	0.00251806
171	0.00256428
172	0.00251806
173	0.00256428
174	0.00251806
175	0.00256427
176	0.00251807
177	0.00256427
178	0.00251807
179	0.00256427
180	0.00251808
181	0.00256426
182	0.00251808
183	0.00256426
184	0.00251808
185	0.00256426
186	0.00251809
187	0.00256425
188	0.00251809
189	0.00256425
190	0.00251809
191	0.00256425
192	0.0025181
193	0.00256424
194	0.0025181
195	0.00256424
196	0.0025181
197	0.00256424
198	0.0025181
199	0.00256423
200	0.00251811
201	0.00256423
202	0.00251811
203	0.00256423
204	0.00251811
205	0.00256422
206	0.00251812
207	0.00256422
208	0.00251812
209	0.00256422
210	0.00251812
211	0.00256422
212	0.00251812
213	0.00256421
214	0.00251812
215	0.00256421
216	0.00251813
217	0.00256421
218	0.00251813
219	0.00256421
220	0.00251813
221	0.00256421
222	0.00251813
223	0.0025642
224	0.00251814
225	0.0025642
226	0.00251814
227	0.0025642
228	0.00251814
229	0.0025642
230	0.00251814
231	0.0025642
232	0.00251814
233	0.00256419
234	0.00251814
235	0.00256419
236	0.00251815
237	0.00256419
238	0.00251815
239	0.00256419
240	0.00251815
241	0.00256419
242	0.00251815
243	0.00256419
244	0.00251815
245	0.00256419
246	0.00251815
247	0.00256418
248	0.00251816
249	0.00256418
250	0.00251816
251	0.00256418
252	0.00251816
253	0.00256418
254	0.00251816
255	0.00256418
256	0.00251816
257	0.00256418
258	0.00251816
259	0.00256418
260	0.00251816
261	0.00256418
262	0.00251816
263	0.00256418
264	0.00251816
265	0.00256417
266	0.00251816
267	0.00256417
268	0.00251817
269	0.00256417
270	0.00251817
271	0.00256417
272	0.00251817
273	0.00256417
274	0.00251817
275	0.00256417
276	0.00251817
277	0.00256417
278	0.00251817
279	0.00256417
280	0.00251817
281	0.00256417
282	0.00251817
283	0.00256417
284	0.00251817
285	0.00256417
286	0.00251817
287	0.00256417
288	0.00251817
289	0.00256417
290	0.00251817
291	0.00256417
292	0.00251817
293	0.00256417
294	0.00251817
295	0.00256417
296	0.00251817
297	0.00256417
298	0.00251817
299	0.00256417
300	0.00251817
301	0.00256417
302	0.00251817
303	0.00256417
304	0.00251817
305	0.00256417
306	0.00251817
307	0.00256417
308	0.00251817
309	0.00256417
310	0.00251817
311	0.00256417
312	0.00251817
313	0.00256417
314	0.00251817
315	0.00256417
316	0.00251817
317	0.00256417
318	0.00251817
319	0.00256417
320	0.00251817
321	0.00256417
322	0.00251817
323	0.00256417
324	0.00251817
325	0.00256417
326	0.00251817
327	0.00256417
328	0.00251817
329	0.00256417
330	0.00251817
331	0.00256417
332	0.00251817
333	0.00256417
334	0.00251817
335	0.00256417
336	0.00251817
337	0.00256417
338	0.00251817
339	0.00256417
340	0.00251816
341	0.00256418
342	0.00251816
343	0.00256418
344	0.00251816
345	0.00256418
346	0.00251816
347	0.00256418
348	0.00251816
349	0.00256418
350	0.00251816
351	0.00256418
352	0.00251816
353	0.00256418
354	0.00251816
355	0.00256418
356	0.00251816
357	0.00256418
358	0.00251815
359	0.00256419
360	0.00251815
361	0.00256419
362	0.00251815
363	0.00256419
364	0.00251815
365	0.00256419
366	0.00251815
367	0.00256419
368	0.00251815
369	0.00256419
370	0.00251814
371	0.0025642
372	0.00251814
373	0.0025642
374	0.00251814
375	0.0025642
376	0.00251814
377	0.0025642
378	0.00251814
379	0.0025642
380	0.00251813
381	0.00256421
382	0.00251813
383	0.00256421
384	0.00251813
385	0.00256421
386	0.00251813
387	0.00256421
388	0.00251812
389	0.00256422
390	0.00251812
391	0.00256422
392	0.00251812
393	0.00256422
394	0.00251812
395	0.00256422
396	0.00251811
397	0.00256423
398	0.00251811
399	0.00256423
400	0.00251811
401	0.00256423
402	0.0025181
403	0.00256424
404	0.0025181
405	0.00256424
406	0.0025181
407	0.00256424
408	0.00251809
409	0.00256425
410	0.00251809
411	0.00256425
412	0.00251809
413	0.00256425
414	0.00251808
415	0.00256426
416	0.00251808
417	0.00256426
418	0.00251808
419	0.00256427
420	0.00251807
421	0.00256427
422	0.00251807
423	0.00256428
424	0.00251806
425	0.00256428
426	0.00251806
427	0.00256428
428	0.00251805
429	0.00256429
430	0.00251805
431	0.00256429
432	0.00251804
433	0.0025643
434	0.00251804
435	0.0025643
436	0.00251803
437	0.00256431
438	0.00251803
439	0.00256432
440	0.00251802
441	0.00256432
442	0.00251802
443	0.00256433
444	0.00251801
445	0.00256433
446	0.002518
447	0.00256434
448	0.002518
449	0.00256435
450	0.00251799
451	0.00256435
452	0.00251798
453	0.00256436
454	0.00251798
455	0.00256437
456	0.00251797
457	0.00256437
458	0.00251796
459	0.00256438
460	0.00251796
461	0.00256439
462	0.00251795
463	0.0025644
464	0.00251794
465	0.00256441
466	0.00251793
467	0.00256441
468	0.00251792
469	0.00256442
470	0.00251791
471	0.00256443
472	0.0025179
473	0.00256444
474	0.0025179
475	0.00256445
476	0.00251789
477	0.00256446
478	0.00251788
479	0.00256447
480	0.00251787
481	0.00256448
482	0.00251785
483	0.00256449
484	0.00251784
485	0.0025645
486	0.00251783
487	0.00256451
488	0.00251782
489	0.00256453
490	0.00251781
491	0.00256454
492	0.0025178
493	0.00256455
494	0.00251778
495	0.00256456
496	0.00251777
497	0.00256458
498	0.00251776
499	0.00256459
500	0.00251775
501	0.0025646
502	0.00251773
503	0.00256462
504	0.00251772
505	0.00256463
506	0.0025177
507	0.00256465
508	0.00251769
509	0.00256466
510	0.00251767
511	0.00256468
512	0.00251765
513	0.00256469
514	0.00251764
515	0.00256471
516	0.00251762
517	0.00256473
518	0.00251761
519	0.00256475
520	0.00251759
521	0.00256476
522	0.00251757
523	0.00256478
524	0.00251755
525	0.0025648
526	0.00251753
527	0.00256482
528	0.00251751
529	0.00256484
530	0.00251749
531	0.00256486
532	0.00251747
533	0.00256488
534	0.00251745
535	0.0025649
536	0.00251743
537	0.00256492
538	0.0025174
539	0.00256495
540	0.00251738
541	0.00256497
542	0.00251736
543	0.002565
544	0.00251733
545	0.00256502
546	0.00251731
547	0.00256505
548	0.00251728
549	0.00256508
550	0.00251725
551	0.0025651
552	0.00251722
553	0.00256513
554	0.0025172
555	0.00256516
556	0.00251717
557	0.00256519
558	0.00251714
559	0.00256523
560	0.0025171
561	0.00256526
562	0.00251707
563	0.00256529
564	0.00251704
565	0.00256533
566	0.002517
567	0.00256536
568	0.00251697
569	0.0025654
570	0.00251693
571	0.00256543
572	0.00251689
573	0.00256548
574	0.00251685
575	0.00256552
576	0.00251681
577	0.00256556
578	0.00251677
579	0.0025656
580	0.00251672
581	0.00256565
582	0.00251668
583	0.00256569
584	0.00251663
585	0.00256574
586	0.00251658
587	0.00256579
588	0.00251653
589	0.00256584
590	0.00251648
591	0.0025659
592	0.00251643
593	0.00256595
594	0.00251637
595	0.00256601
596	0.00251632
597	0.00256607
598	0.00251626
599	0.00256613
600	0.00251619
601	0.00256619
602	0.00251613
603	0.00256626
604	0.00251606
605	0.00256633
606	0.002516
607	0.0025664
608	0.00251593
609	0.00256647
610	0.00251585
611	0.00256655
612	0.00251578
613	0.00256663
614	0.0025157
615	0.00256671
616	0.00251561
617	0.0025668
618	0.00251553
619	0.00256689
620	0.00251544
621	0.00256698
622	0.00251534
623	0.00256708
624	0.00251525
625	0.00256718
626	0.00251515
627	0.00256728
628	0.00251504
629	0.00256738
630	0.00251494
631	0.00256749
632	0.00251483
633	0.00256761
634	0.00251471
635	0.00256773
636	0.00251459
637	0.00256785
638	0.00251447
639	0.00256798
640	0.00251434
641	0.00256811
642	0.00251421
643	0.00256825
644	0.00251407
645	0.00256839
646	0.00251393
647	0.00256854
648	0.00251378
649	0.00256869
650	0.00251363
651	0.00256884
652	0.00251347
653	0.002569
654	0.00251331
655	0.00256917
656	0.00251314
657	0.00256934
658	0.00251296
659	0.00256952
660	0.00251278
661	0.00256971
662	0.00251259
663	0.00256991
664	0.0025124
665	0.00257011
666	0.00251219
667	0.00257032
668	0.00251198
669	0.00257053
670	0.00251177
671	0.00257076
672	0.00251154
673	0.00257099
674	0.00251131
675	0.00257123
676	0.00251106
677	0.00257149
678	0.00251081
679	0.00257175
680	0.00251055
681	0.00257202
682	0.00251027
683	0.0025723
684	0.00250999
685	0.0025726
686	0.00250969
687	0.00257291
688	0.00250938
689	0.00257323
690	0.00250906
691	0.00257356
692	0.00250872
693	0.00257391
694	0.00250837
695	0.00257427
696	0.002508
697	0.00257465
698	0.00250762
699	0.00257505
700	0.00250722
701	0.00257546
702	0.0025068
703	0.0025759
704	0.00250637
705	0.00257636
706	0.0025059
707	0.00257684
708	0.00250541
709	0.00257735
710	0.0025049
711	0.00257788
712	0.00250437
713	0.00257845
714	0.0025038
715	0.00257904
716	0.0025032
717	0.00257966
718	0.00250257
719	0.00258032
720	0.00250191
721	0.00258102
722	0.0025012
723	0.00258175
724	0.00250046
725	0.00258253
726	0.00249967
727	0.00258336
728	0.00249884
729	0.00258423
730	0.00249795
731	0.00258516
732	0.00249701
733	0.00258615
734	0.00249602
735	0.00258721
736	0.00249495
737	0.00258833
738	0.00249381
739	0.00258953
740	0.0024926
741	0.00259082
742	0.00249128
743	0.0025922
744	0.00248988
745	0.00259368
746	0.00248837
747	0.00259529
748	0.00248673
749	0.00259703
750	0.00248496
751	0.00259893
752	0.00248303
753	0.00260099
754	0.00248093
755	0.00260325
756	0.00247863
757	0.00260572
758	0.0024761
759	0.00260844
760	0.00247332
761	0.00261145
762	0.00247024
763	0.0026148
764	0.00246681
765	0.00261852
766	0.00246298
767	0.00262272
768	0.00245868
769	0.00262746
770	0.0024538
771	0.00263286
772	0.00244821
773	0.00263907
774	0.00244179
775	0.0026463
776	0.00243431
777	0.00265479
778	0.00242548
779	0.00266489
780	0.00241492
781	0.00267709
782	0.00240211
783	0.00269214
784	0.00238613
785	0.00271124
786	0.00236582
787	0.00273615
788	0.00233909
789	0.00276995
790	0.00230236
791	0.00281846
792	0.0022488
793	0.00289371
794	0.00216346
795	0.00302632
796	0.00200645
797	0.00332074
798	0.0016257
799	0.00451898
