0	0.127981
1	0.0494739
2	-0.00215556
3	0.00514565
4	-0.000500513
5	0.00179611
6	-0.000228099
7	0.000893104
8	-0.000132919
9	0.000526925
10	-8.66872e-05
11	0.000343245
12	-6.14555e-05
13	0.000239456
14	-4.66436e-05
15	0.000175866
16	-3.72026e-05
17	0.00013433
18	-3.05886e-05
19	0.000105676
20	-2.56284e-05
21	8.49966e-05
22	-2.17186e-05
23	6.95545e-05
24	-1.85334e-05
25	5.76525e-05
26	-1.5873e-05
27	4.82766e-05
28	-1.36584e-05
29	4.07487e-05
30	-1.17969e-05
31	3.4619e-05
32	-1.02466e-05
33	2.95761e-05
34	-8.95653e-06
35	2.53926e-05
36	-7.88744e-06
37	2.18939e-05
38	-7.00278e-06
39	1.8956e-05
40	-6.26882e-06
41	1.64714e-05
42	-5.66202e-06
43	1.43623e-05
44	-5.16004e-06
45	1.25619e-05
46	-4.74554e-06
47	1.10221e-05
48	-4.40229e-06
49	9.70113e-06
50	-4.11665e-06
51	8.5647e-06
52	-3.87832e-06
53	7.58399e-06
54	-3.67885e-06
55	6.73594e-06
56	-3.51027e-06
57	6.00001e-06
58	-3.36511e-06
59	5.36103e-06
60	-3.24126e-06
61	4.80419e-06
62	-3.13259e-06
63	4.31795e-06
64	-3.03631e-06
65	3.8927e-06
66	-2.95034e-06
67	3.5199e-06
68	-2.87223e-06
69	3.19255e-06
70	-2.80013e-06
71	2.90426e-06
72	-2.73287e-06
73	2.64978e-06
74	-2.66956e-06
75	2.42523e-06
76	-2.60909e-06
77	2.22622e-06
78	-2.55093e-06
79	2.04957e-06
80	-2.49466e-06
81	1.89253e-06
82	-2.43998e-06
83	1.75244e-06
84	-2.38666e-06
85	1.62718e-06
86	-2.33401e-06
87	1.51515e-06
88	-2.28227e-06
89	1.41464e-06
90	-2.23138e-06
91	1.32442e-06
92	-2.1811e-06
93	1.24294e-06
94	-2.13154e-06
95	1.16976e-06
96	-2.083e-06
97	1.10343e-06
98	-2.03502e-06
99	1.0432e-06
100	-1.98758e-06
101	9.88322e-07
102	-1.94076e-06
103	9.38221e-07
104	-1.89461e-06
105	8.9243e-07
106	-1.84908e-06
107	8.50444e-07
108	-1.8043e-06
109	8.11842e-07
110	-1.76048e-06
111	7.76183e-07
112	-1.71703e-06
113	7.43415e-07
114	-1.67429e-06
115	7.13069e-07
116	-1.63258e-06
117	6.85123e-07
118	-1.59143e-06
119	6.58968e-07
120	-1.55119e-06
121	6.34694e-07
122	-1.51165e-06
123	6.12012e-07
124	-1.47285e-06
125	5.90764e-07
126	-1.43479e-06
127	5.70826e-07
128	-1.3975e-06
129	5.52083e-07
130	-1.36098e-06
131	5.3442e-07
132	-1.32523e-06
133	5.17762e-07
134	-1.29026e-06
135	5.01993e-07
136	-1.25606e-06
137	4.87058e-07
138	-1.2226e-06
139	4.72911e-07
140	-1.18988e-06
141	4.59432e-07
142	-1.1579e-06
143	4.46616e-07
144	-1.12666e-06
145	4.34404e-07
146	-1.09613e-06
147	4.22708e-07
148	-1.06637e-06
149	4.11663e-07
150	-1.03721e-06
151	4.00966e-07
152	-1.00878e-06
153	3.90722e-07
154	-9.81033e-07
155	3.80905e-07
156	-9.53969e-07
157	3.71479e-07
158	-9.27563e-07
159	3.6242e-07
160	-9.01805e-07
161	3.53707e-07
162	-8.76683e-07
163	3.45317e-07
164	-8.52185e-07
165	3.3723e-07
166	-8.28294e-07
167	3.29412e-07
168	-8.05011e-07
169	3.21854e-07
170	-7.82304e-07
171	3.1456e-07
172	-7.60158e-07
173	3.07525e-07
174	-7.38586e-07
175	3.00748e-07
176	-7.17545e-07
177	2.94148e-07
178	-6.97104e-07
179	2.87785e-07
180	-6.76968e-07
181	2.81499e-07
182	-6.57485e-07
183	2.75518e-07
184	-6.38543e-07
185	2.69744e-07
186	-6.20082e-07
187	2.64125e-07
188	-6.02113e-07
189	2.58717e-07
190	-5.84577e-07
191	2.53455e-07
192	-5.67478e-07
193	2.48344e-07
194	-5.50813e-07
195	2.43382e-07
196	-5.34572e-07
197	2.38565e-07
198	-5.18747e-07
199	2.33887e-07
200	-5.03328e-07
201	2.29342e-07
202	-4.88306e-07
203	2.24927e-07
204	-4.73671e-07
205	2.20635e-07
206	-4.59414e-07
207	2.16463e-07
208	-4.45526e-07
209	2.12406e-07
210	-4.31996e-07
211	2.08459e-07
212	-4.18816e-07
213	2.0462e-07
214	-4.05978e-07
215	2.00884e-07
216	-3.93473e-07
217	1.97248e-07
218	-3.81293e-07
219	1.9371e-07
220	-3.6943e-07
221	1.90265e-07
222	-3.57874e-07
223	1.86908e-07
224	-3.46624e-07
225	1.83647e-07
226	-3.35657e-07
227	1.80465e-07
228	-3.24975e-07
229	1.77364e-07
230	-3.14574e-07
231	1.74343e-07
232	-3.04445e-07
233	1.71401e-07
234	-2.94584e-07
235	1.68535e-07
236	-2.84977e-07
237	1.65746e-07
238	-2.75623e-07
239	1.63028e-07
240	-2.66511e-07
241	1.60375e-07
242	-2.57635e-07
243	1.57786e-07
244	-2.4899e-07
245	1.55261e-07
246	-2.40571e-07
247	1.52799e-07
248	-2.32373e-07
249	1.50399e-07
250	-2.24389e-07
251	1.48058e-07
252	-2.16615e-07
253	1.45776e-07
254	-2.09044e-07
255	1.4355e-07
256	-2.01672e-07
257	1.4138e-07
258	-1.94494e-07
259	1.39263e-07
260	-1.87503e-07
261	1.37198e-07
262	-1.80696e-07
263	1.35184e-07
264	-1.74067e-07
265	1.33218e-07
266	-1.67612e-07
267	1.313e-07
268	-1.61326e-07
269	1.29427e-07
270	-1.55205e-07
271	1.276e-07
272	-1.49245e-07
273	1.25819e-07
274	-1.43443e-07
275	1.24097e-07
276	-1.37784e-07
277	1.22384e-07
278	-1.32283e-07
279	1.20726e-07
280	-1.2693e-07
281	1.19116e-07
282	-1.21702e-07
283	1.17526e-07
284	-1.16613e-07
285	1.15975e-07
286	-1.11662e-07
287	1.14462e-07
288	-1.06843e-07
289	1.12986e-07
290	-1.02151e-07
291	1.11544e-07
292	-9.75804e-08
293	1.10135e-07
294	-9.3129e-08
295	1.08757e-07
296	-8.8793e-08
297	1.07409e-07
298	-8.45695e-08
299	1.0609e-07
300	-8.04556e-08
301	1.048e-07
302	-7.64486e-08
303	1.03537e-07
304	-7.25456e-08
305	1.02301e-07
306	-6.87441e-08
307	1.01092e-07
308	-6.50415e-08
309	9.99073e-08
310	-6.14353e-08
311	9.87478e-08
312	-5.79229e-08
313	9.76125e-08
314	-5.4502e-08
315	9.65005e-08
316	-5.11702e-08
317	9.54114e-08
318	-4.79252e-08
319	9.43443e-08
320	-4.47647e-08
321	9.32989e-08
322	-4.16866e-08
323	9.22743e-08
324	-3.86888e-08
325	9.127e-08
326	-3.57691e-08
327	9.02854e-08
328	-3.29255e-08
329	8.932e-08
330	-3.01561e-08
331	8.83732e-08
332	-2.74589e-08
333	8.74444e-08
334	-2.48321e-08
335	8.65331e-08
336	-2.2274e-08
337	8.56388e-08
338	-1.97826e-08
339	8.4761e-08
340	-1.73563e-08
341	8.38992e-08
342	-1.49933e-08
343	8.30531e-08
344	-1.26918e-08
345	8.22222e-08
346	-1.04501e-08
347	8.14063e-08
348	-8.2669e-09
349	8.06044e-08
350	-6.14072e-09
351	7.98186e-08
352	-4.07122e-09
353	7.90533e-08
354	-2.0474e-09
355	7.82933e-08
356	-9.9067e-11
357	7.75574e-08
358	1.80524e-09
359	7.68285e-08
360	3.66372e-09
361	7.61074e-08
362	5.47582e-09
363	7.53956e-08
364	7.24137e-09
365	7.46936e-08
366	8.96098e-09
367	7.40018e-08
368	1.06356e-08
369	7.33199e-08
370	1.22665e-08
371	7.2648e-08
372	1.38547e-08
373	7.19857e-08
374	1.54017e-08
375	7.13324e-08
376	1.69078e-08
377	7.06881e-08
378	1.83822e-08
379	7.00477e-08
380	1.98091e-08
381	6.94257e-08
382	2.11992e-08
383	6.8809e-08
384	2.25506e-08
385	6.82e-08
386	2.38651e-08
387	6.75984e-08
388	2.51462e-08
389	6.70033e-08
390	2.63942e-08
391	6.64154e-08
392	2.76098e-08
393	6.58347e-08
394	2.87935e-08
395	6.52607e-08
396	2.9946e-08
397	6.46931e-08
398	3.1068e-08
399	6.41317e-08
400	3.21603e-08
401	6.35763e-08
402	3.32238e-08
403	6.3027e-08
404	3.42595e-08
405	6.24836e-08
406	3.52651e-08
407	6.1947e-08
408	3.62444e-08
409	6.14151e-08
410	3.7196e-08
411	6.08882e-08
412	3.81225e-08
413	6.03661e-08
414	3.90219e-08
415	5.98526e-08
416	3.9901e-08
417	5.93378e-08
418	4.07587e-08
419	5.88299e-08
420	4.15885e-08
421	5.833e-08
422	4.23943e-08
423	5.78357e-08
424	4.31778e-08
425	5.73443e-08
426	4.39404e-08
427	5.68558e-08
428	4.46823e-08
429	5.63692e-08
430	4.54102e-08
431	5.58817e-08
432	4.61127e-08
433	5.54028e-08
434	4.6797e-08
435	5.49261e-08
436	4.74627e-08
437	5.44509e-08
438	4.81137e-08
439	5.39762e-08
440	4.8743e-08
441	5.35065e-08
442	4.93545e-08
443	5.30378e-08
444	4.99494e-08
445	5.25701e-08
446	5.05282e-08
447	5.2104e-08
448	5.10914e-08
449	5.16394e-08
450	5.16402e-08
451	5.1179e-08
452	5.2174e-08
453	5.07208e-08
454	5.26832e-08
455	5.02733e-08
456	5.31747e-08
457	4.98302e-08
458	5.36534e-08
459	4.93807e-08
460	5.41281e-08
461	4.89309e-08
462	5.45776e-08
463	4.84913e-08
464	5.5018e-08
465	4.80488e-08
466	5.54464e-08
467	4.76043e-08
468	5.58641e-08
469	4.71671e-08
470	5.62675e-08
471	4.67341e-08
472	5.66568e-08
473	4.63019e-08
474	5.70362e-08
475	4.58694e-08
476	5.74036e-08
477	4.54367e-08
478	5.77603e-08
479	4.50066e-08
480	5.81046e-08
481	4.45737e-08
482	5.8441e-08
483	4.41454e-08
484	5.87708e-08
485	4.37141e-08
486	5.90918e-08
487	4.32824e-08
488	5.94023e-08
489	4.28539e-08
490	5.97016e-08
491	4.24261e-08
492	5.99884e-08
493	4.20055e-08
494	6.02622e-08
495	4.15887e-08
496	6.0531e-08
497	4.11719e-08
498	6.07829e-08
499	4.07658e-08
500	6.10205e-08
501	4.03599e-08
502	6.12524e-08
503	3.99452e-08
504	6.14827e-08
505	3.95321e-08
506	6.17075e-08
507	3.91179e-08
508	6.19251e-08
509	3.87052e-08
510	6.21345e-08
511	3.82926e-08
512	6.23346e-08
513	3.78764e-08
514	6.2538e-08
515	3.74561e-08
516	6.27337e-08
517	3.70497e-08
518	6.29128e-08
519	3.66439e-08
520	6.30875e-08
521	3.62339e-08
522	6.32551e-08
523	3.58329e-08
524	6.34144e-08
525	3.5425e-08
526	6.35775e-08
527	3.50161e-08
528	6.37245e-08
529	3.46061e-08
530	6.38634e-08
531	3.422e-08
532	6.39867e-08
533	3.3822e-08
534	6.41087e-08
535	3.3433e-08
536	6.42207e-08
537	3.30493e-08
538	6.43226e-08
539	3.26577e-08
540	6.44257e-08
541	3.22659e-08
542	6.45238e-08
543	3.18715e-08
544	6.46266e-08
545	3.14716e-08
546	6.47241e-08
547	3.10697e-08
548	6.48286e-08
549	3.06682e-08
550	6.49248e-08
551	3.0272e-08
552	6.50026e-08
553	2.98817e-08
554	6.50716e-08
555	2.9499e-08
556	6.5136e-08
557	2.91049e-08
558	6.52065e-08
559	2.87067e-08
560	6.52726e-08
561	2.8311e-08
562	6.53277e-08
563	2.79167e-08
564	6.53826e-08
565	2.75271e-08
566	6.54271e-08
567	2.71367e-08
568	6.54782e-08
569	2.67414e-08
570	6.55219e-08
571	2.6348e-08
572	6.55563e-08
573	2.59482e-08
574	6.55989e-08
575	2.55478e-08
576	6.56367e-08
577	2.5142e-08
578	6.56674e-08
579	2.47406e-08
580	6.56995e-08
581	2.43284e-08
582	6.57358e-08
583	2.39249e-08
584	6.57617e-08
585	2.35153e-08
586	6.57894e-08
587	2.3111e-08
588	6.58116e-08
589	2.27138e-08
590	6.58262e-08
591	2.23101e-08
592	6.58466e-08
593	2.19112e-08
594	6.58613e-08
595	2.15075e-08
596	6.58768e-08
597	2.11054e-08
598	6.58877e-08
599	2.07037e-08
600	6.58958e-08
601	2.03012e-08
602	6.59003e-08
603	1.99013e-08
604	6.58993e-08
605	1.95042e-08
606	6.59056e-08
607	1.91053e-08
608	6.59062e-08
609	1.87054e-08
610	6.5902e-08
611	1.83116e-08
612	6.59014e-08
613	1.7919e-08
614	6.58962e-08
615	1.7542e-08
616	6.58813e-08
617	1.71612e-08
618	6.58693e-08
619	1.67874e-08
620	6.58552e-08
621	1.64093e-08
622	6.58575e-08
623	1.60239e-08
624	6.58596e-08
625	1.56388e-08
626	6.58519e-08
627	1.52714e-08
628	6.58407e-08
629	1.48996e-08
630	6.58352e-08
631	1.45373e-08
632	6.58418e-08
633	1.41721e-08
634	6.58354e-08
635	1.38031e-08
636	6.58264e-08
637	1.34445e-08
638	6.5819e-08
639	1.30845e-08
640	6.5812e-08
641	1.2731e-08
642	6.57995e-08
643	1.23762e-08
644	6.57862e-08
645	1.20256e-08
646	6.57778e-08
647	1.16703e-08
648	6.57718e-08
649	1.13122e-08
650	6.57677e-08
651	1.09489e-08
652	6.57723e-08
653	1.05843e-08
654	6.57755e-08
655	1.02224e-08
656	6.57936e-08
657	9.86388e-09
658	6.58042e-08
659	9.51452e-09
660	6.58051e-08
661	9.16248e-09
662	6.58084e-08
663	8.81393e-09
664	6.58017e-08
665	8.47443e-09
666	6.57852e-08
667	8.141e-09
668	6.57712e-08
669	7.81007e-09
670	6.57675e-08
671	7.48029e-09
672	6.57557e-08
673	7.14977e-09
674	6.575e-08
675	6.81524e-09
676	6.57388e-08
677	6.50294e-09
678	6.57293e-08
679	6.19097e-09
680	6.5709e-08
681	5.87985e-09
682	6.5698e-08
683	5.57803e-09
684	6.56926e-08
685	5.27976e-09
686	6.56873e-08
687	4.99081e-09
688	6.56781e-08
689	4.706e-09
690	6.56632e-08
691	4.42867e-09
692	6.56546e-08
693	4.14473e-09
694	6.56555e-08
695	3.86116e-09
696	6.56612e-08
697	3.57291e-09
698	6.56676e-08
699	3.29351e-09
700	6.56794e-08
701	3.02532e-09
702	6.56871e-08
703	2.77181e-09
704	6.57086e-08
705	2.5105e-09
706	6.57309e-08
707	2.23354e-09
708	6.57684e-08
709	1.94707e-09
710	6.58325e-08
711	1.65674e-09
712	6.59029e-08
713	1.3732e-09
714	6.59535e-08
715	1.09122e-09
716	6.60158e-08
717	8.15935e-10
718	6.60746e-08
719	5.59081e-10
720	6.61341e-08
721	3.02914e-10
722	6.62196e-08
723	4.12794e-11
724	6.63138e-08
725	-2.19412e-10
726	6.64189e-08
727	-4.81212e-10
728	6.65388e-08
729	-7.45743e-10
730	6.66741e-08
731	-1.03831e-09
732	6.68252e-08
733	-1.33108e-09
734	6.69783e-08
735	-1.60179e-09
736	6.71139e-08
737	-1.87306e-09
738	6.72643e-08
739	-2.13804e-09
740	6.74346e-08
741	-2.38473e-09
742	6.76137e-08
743	-2.63552e-09
744	6.78142e-08
745	-2.89151e-09
746	6.8018e-08
747	-3.12665e-09
748	6.82291e-08
749	-3.36007e-09
750	6.84329e-08
751	-3.59191e-09
752	6.86368e-08
753	-3.79936e-09
754	6.88786e-08
755	-4.00758e-09
756	6.91545e-08
757	-4.2172e-09
758	6.94414e-08
759	-4.4039e-09
760	6.97404e-08
761	-4.59943e-09
762	7.00532e-08
763	-4.76974e-09
764	7.04015e-08
765	-4.94068e-09
766	7.07758e-08
767	-5.08573e-09
768	7.11656e-08
769	-5.3157e-09
770	7.16248e-08
771	-5.5211e-09
772	7.21885e-08
773	-5.73183e-09
774	7.28327e-08
775	-5.90974e-09
776	7.351e-08
777	-6.04543e-09
778	7.41987e-08
779	-6.2202e-09
780	7.49943e-08
781	-6.3207e-09
782	7.58595e-08
783	-6.53531e-09
784	7.687e-08
785	-6.63459e-09
786	7.804e-08
787	-6.76014e-09
788	7.95356e-08
789	-6.79879e-09
790	8.13259e-08
791	-6.75916e-09
792	8.36063e-08
793	-6.77329e-09
794	8.67221e-08
795	-6.66915e-09
796	9.11734e-08
797	-6.33897e-09
798	9.90008e-08
799	-5.49681e-09
800	1.23057e-07
